item mean RT sd for RT mean rating sd for rating
abbey 1710.5 1012.8 4.4 2.5
abbot 1714.8 1191.6 3.5 2.5
abduct 2027.5 1889.6 4.8 2.3
able 1945.7 1770.5 2.5 1.9
aboard 2165.4 1778.4 4.9 2.1
abode 1565.5 1265.5 3.0 2.3
abort 1832.5 1524.4 4.1 2.2
about 1779.7 1896.6 2.0 1.9
above 1960.9 1300.8 4.1 2.3
abreast 1851.5 1454.2 1.8 1.3
abroad 2042.7 1588.0 4.2 2.4
abrupt 2451.6 2296.5 3.1 1.8
absence 2818.8 4679.0 4.2 1.9
absent 1745.1 944.2 4.2 2.2
absolve 2519.2 3108.1 2.5 2.0
absorb 2513.0 2860.3 4.5 2.0
abstract 1931.7 1664.5 3.9 2.2
absurd 2454.4 2521.6 3.0 1.8
abuse 1858.4 1578.6 4.9 2.2
abyss 1802.0 1239.1 4.3 2.4
accent 1633.3 814.5 3.8 2.3
accept 1619.3 907.5 3.4 2.4
access 2039.5 1544.3 3.2 2.2
accord 2304.7 2129.8 2.5 2.2
account 2063.6 1795.5 4.2 2.0
accuse 1932.6 1147.0 3.6 2.0
achieve 2076.0 1554.9 3.6 2.1
acid 1462.4 754.1 5.9 1.9
acne 1225.1 626.1 6.5 1.4
acorn 1415.4 708.7 6.0 2.0
acquire 2067.6 1665.1 3.2 1.7
acre 1593.0 740.0 5.0 2.3
action 1720.6 1355.5 4.1 2.3
active 1949.9 2951.0 4.8 2.1
actor 1156.4 476.2 6.1 1.8
actress 1460.5 1042.0 6.4 1.3
acute 2891.1 4359.3 3.0 1.9
adage 1893.4 1366.7 1.6 1.3
adapt 2105.4 1721.8 2.9 1.9
addict 1718.7 1765.7 5.3 2.1
address 5542.3 14750.0 5.0 2.0
adept 1306.5 1819.3 2.0 1.9
adhere 1577.8 776.4 3.2 2.3
adjourn 1968.9 2027.0 2.1 1.6
adjust 1550.1 2031.6 3.5 2.2
admire 2556.2 2258.4 3.1 1.8
admit 2014.9 2564.5 3.0 2.1
ado 1475.2 1403.8 2.2 2.2
adopt 2352.1 3002.3 3.4 2.4
adore 2084.7 1840.8 3.6 1.9
adrift 2091.9 1516.9 3.2 2.0
adult 1117.2 465.0 6.5 1.5
advance 1734.0 1408.5 3.3 2.3
adverse 2500.0 2551.0 2.1 1.5
advice 2230.0 1750.0 3.3 2.2
advise 2001.3 1696.3 3.1 2.1
afar 1752.9 1531.8 2.5 1.6
affair 1858.1 1722.9 4.4 2.1
affect 2548.8 2481.0 3.3 2.3
afford 1920.6 1283.0 4.0 2.1
affront 2168.8 2554.5 1.8 1.6
afloat 1944.5 2509.1 4.5 2.2
afoot 1993.5 1317.0 2.6 2.3
afraid 1992.4 2224.1 4.8 2.2
after 1675.6 931.9 2.4 1.8
again 1503.9 2157.6 2.1 1.5
against 2323.9 2980.6 3.2 2.1
agent 1508.0 948.6 5.4 2.0
ago 1789.6 1608.8 1.8 1.3
agree 1826.4 1454.1 3.4 2.3
agreed 2109.2 1538.9 2.6 1.9
ahead 1905.7 1667.7 3.8 2.2
ailment 2828.1 5141.0 3.5 2.3
airport 1198.4 598.8 6.8 1.0
alarm 1589.9 925.3 6.0 1.7
alas 2906.3 6778.0 2.3 2.0
album 1423.8 959.5 6.2 1.5
alert 2596.5 2914.1 4.6 2.2
align 1818.9 1612.3 3.7 2.1
alike 1782.8 1586.4 3.7 2.3
alive 1997.5 1792.2 5.1 2.2
alley 1483.8 987.7 6.4 1.3
allow 2033.8 1709.7 2.2 1.7
alloy 1949.9 1275.3 4.3 2.2
allure 2075.1 2087.4 3.1 2.4
ally 1425.8 911.2 5.0 2.5
almond 1215.6 587.1 6.8 1.2
almost 1566.1 1038.0 2.9 2.0
aloft 1982.6 2084.0 3.2 1.9
alone 1734.5 1127.3 4.6 2.4
along 1609.0 1369.8 2.5 1.8
aloof 2048.0 1865.1 2.4 1.7
aloud 2316.2 2481.6 3.5 2.2
alpha 2233.3 1856.5 3.8 2.5
alright 1930.1 1433.2 2.4 1.6
also 1974.7 1849.8 1.9 1.6
altar 1483.2 912.4 5.4 2.3
superb 2311.2 2008.2 2.9 2.0
supper 2678.8 4627.4 6.2 1.5
supple 2359.7 1960.0 3.1 2.1
supply 2231.4 1836.9 3.6 2.2
support 2096.9 1494.9 4.6 2.0
suppose 2064.0 2099.1 2.0 1.8
suppress 1962.6 1372.3 3.2 2.2
supreme 1925.1 2285.5 4.1 2.2
surface 1941.5 1408.9 5.5 2.1
surgeon 1056.9 371.7 6.9 0.8
surly 1637.9 1146.8 2.4 1.8
surplus 1701.4 1335.1 3.3 2.2
surprise 1849.3 1748.9 4.7 2.1
surreal 2313.7 2230.9 2.9 1.9
surround 3091.3 4027.4 4.4 1.8
survey 1739.9 1210.9 5.4 1.9
survive 3770.8 5595.6 4.5 2.2
sushi 1059.9 453.0 6.6 1.3
suspect 2311.4 2618.4 4.5 2.1
suspend 2104.0 2485.1 4.3 2.1
suspense 2400.5 1838.3 3.9 2.3
sustain 1931.8 1209.4 2.7 1.8
suture 1589.6 651.0 4.5 2.7
swallow 1702.9 932.5 6.2 1.3
sweater 1107.2 489.7 6.6 1.4
swindle 1752.1 1175.9 3.3 2.2
symbol 2020.2 2038.8 5.2 2.0
symptom 1889.6 1607.9 4.0 2.5
syndrome 1932.7 1462.3 3.9 2.3
syringe 1378.6 476.4 6.1 1.8
syrup 1051.1 383.8 6.4 1.6
system 1990.3 1639.0 4.2 2.4
table 1354.6 924.6 6.8 1.3
tablet 1869.1 1386.5 5.5 1.8
tabloid 1760.0 916.7 6.0 1.5
taboo 1727.8 2131.8 4.2 2.2
tackle 1808.4 1839.5 5.9 1.6
taco 1236.2 595.1 6.9 0.4
tactic 2301.9 2067.0 2.7 2.3
taffy 1114.4 326.0 5.9 1.9
tailor 1259.3 648.0 6.0 1.7
talcum 1618.1 1131.9 3.3 2.3
talent 1831.6 1017.1 3.6 2.2
talon 1400.3 689.5 5.0 2.5
tampon 1382.8 1040.5 6.4 1.6
tangle 1690.9 1426.7 5.2 2.2
tango 1345.2 698.0 6.3 1.3
tantrum 1774.1 1995.2 5.1 2.2
tardy 3372.8 8296.7 5.0 2.3
target 1135.7 455.0 6.1 1.7
tartar 1600.7 830.3 4.9 2.3
tassel 1435.5 990.2 5.9 1.8
tattoo 963.8 282.2 6.6 1.4
tavern 1172.9 452.3 5.7 1.9
tawdry 1798.6 1165.5 1.3 0.9
taxi 907.8 308.8 6.9 0.6
teacher 923.0 273.5 6.8 0.5
technique 2479.2 2567.9 3.9 2.2
teeming 1956.1 1384.0 2.6 2.0
temper 2067.6 1770.4 4.2 2.3
tempest 1670.1 659.8 3.8 2.2
temple 1483.3 1496.4 6.1 2.0
tempo 2209.4 2395.6 3.8 2.0
tenant 1852.4 1310.8 4.6 2.3
tender 1558.5 921.1 4.8 2.3
tendon 1414.8 754.5 5.5 2.3
tennis 1525.9 1979.3 6.5 1.2
tenor 1637.0 1115.6 3.1 2.4
tension 1675.2 1581.5 4.1 2.6
tenure 1947.0 2007.9 2.4 1.8
tepee 1771.3 1359.7 5.5 2.3
termite 1435.5 2387.7 5.9 2.1
terrace 1551.1 1039.4 5.2 2.3
terrain 1911.9 1792.1 5.9 1.4
terror 1714.5 1526.0 4.8 2.2
texture 1668.1 1399.7 4.5 2.4
theory 1702.1 1255.9 3.4 2.3
therefore 1593.1 819.6 1.6 1.2
thermal 2171.7 2775.7 5.0 2.2
thesis 1802.0 931.0 4.3 2.4
thorough 2000.7 1580.5 2.1 1.7
thousand 1948.9 1902.2 5.6 1.9
threshold 2066.5 2063.9 3.7 2.4
throttle 2372.9 3624.1 5.2 2.1
thunder 1701.5 1955.0 5.9 2.0
thyroid 1826.5 1596.7 5.5 2.0
ticket 1073.6 472.3 6.3 1.3
tickle 1546.2 1071.6 5.8 1.4
tidy 1589.6 871.7 4.8 1.9
tiger 1078.9 406.1 6.6 1.5
timber 1387.5 825.2 6.3 1.9
timid 1804.2 1657.0 4.5 2.3
tingle 1893.1 1804.9 4.6 2.3
tinker 2708.7 3574.5 3.7 2.4
tinkle 1982.4 2039.7 4.9 2.3
tiny 1484.2 1325.7 5.9 1.3
tipsy 1508.6 799.3 5.3 2.0
tissue 1246.6 697.8 6.4 1.0
titan 1674.8 1282.8 5.2 2.1
title 1897.4 1523.9 5.0 2.3
today 2161.1 2492.3 4.2 2.6
toddler 1291.9 731.8 6.5 1.3
tofu 1281.2 916.3 6.2 1.7
toga 1439.2 670.7 6.0 2.1
toilet 985.4 319.8 6.9 0.5
token 1434.3 782.7 5.8 1.9
toner 2005.8 1633.2 4.1 2.4
tonic 1917.1 1968.8 4.6 2.2
tonight 1884.1 1129.5 4.3 2.2
tonsils 1593.6 1649.9 6.1 1.9
topaz 1721.8 1443.9 5.3 2.4
topic 2118.9 2293.3 3.1 2.3
topple 1613.3 884.1 4.5 2.3
torment 2485.6 3105.3 4.2 2.1
torrid 1837.9 1205.9 2.5 1.9
torso 1486.1 1354.1 6.0 1.6
tortoise 1241.2 695.8 6.4 1.5
torture 1929.9 1338.1 5.5 2.0
total 1999.9 1832.5 3.9 2.3
totem 1376.0 676.8 4.5 2.6
toupee 1674.8 1045.3 5.6 2.2
towel 708.7 1433.8 6.8 1.1
tower 1079.6 337.8 6.5 1.2
toxic 1785.2 1178.1 5.5 1.8
toxin 1576.5 1267.8 5.3 2.0
traction 1917.5 1926.9 4.7 2.1
tractor 1095.2 568.1 6.8 0.6
traffic 1141.7 545.4 6.6 1.0
tragic 2048.2 2148.7 3.7 2.0
trailer 1396.3 644.2 6.4 1.7
traitor 1554.1 846.9 5.0 2.1
trample 1920.7 817.8 5.0 2.0
tranquil 1447.8 1846.4 4.9 2.5
transfer 2346.1 2397.1 4.0 2.4
transit 2126.0 1432.7 3.9 2.2
translate 1895.7 1222.4 3.7 2.5
transmit 2169.1 1427.0 3.6 2.3
transplant 1835.0 1447.4 5.1 2.1
transport 1775.5 1384.2 5.2 2.4
trapeze 1663.9 1363.2 5.8 1.9
trauma 1456.5 597.6 4.9 2.0
travel 1557.7 819.1 5.5 1.8
traverse 1909.7 1399.0 3.4 2.1
treason 2301.0 3873.0 3.5 2.5
treasure 1418.0 1135.2 6.7 1.1
treatment 2179.6 2171.8 3.9 2.0
treaty 2075.8 1758.8 4.6 2.1
tremble 1330.1 542.8 5.3 1.9
tremor 1737.3 1365.0 3.7 2.4
trespass 1877.9 1062.7 4.2 2.2
triad 2052.7 1680.7 4.0 2.4
trial 1493.8 824.4 5.5 1.7
tribal 1198.2 1629.1 5.0 2.3
tribute 1854.3 992.3 4.0 2.2
trifle 2036.6 1574.7 3.0 2.0
trigger 1474.4 721.2 6.0 1.6
trinket 1714.1 777.0 5.1 2.1
trio 1825.5 1254.8 4.8 2.4
triple 1971.1 1391.4 5.0 2.2
tripod 1482.8 768.7 6.1 1.6
triumph 2100.8 1943.6 4.3 2.2
trolley 1461.6 785.7 5.6 1.9
trombone 1162.6 405.0 6.5 1.6
trooper 1328.9 875.5 6.4 1.5
trophy 1299.3 944.9 6.9 0.4
tropic 1849.1 1630.9 5.9 2.1
trouble 1976.6 1876.3 3.8 2.1
trouper 2938.6 3017.3 3.7 2.3
trousers 1315.1 898.7 6.2 1.5
trumpet 1161.0 470.8 6.4 1.7
tuba 1270.1 550.4 6.1 1.7
tulip 934.4 334.8 6.7 1.2
tumble 1699.1 1303.5 4.9 2.1
tummy 1276.6 677.9 6.4 1.2
tumor 1654.2 1303.4 5.7 2.0
tuna 1080.3 400.1 6.7 1.1
tunic 1357.5 685.4 5.6 2.3
tunnel 1474.6 1159.8 6.4 1.3
turban 1238.7 530.3 6.1 2.0
turbine 2125.8 2650.0 4.8 2.5
turkey 1315.7 1121.6 6.5 1.5
turmoil 1948.5 2516.4 4.0 2.3
turnip 1397.7 920.6 6.2 1.8
turtle 1113.5 525.2 6.9 0.4
tutor 1478.3 799.9 5.7 1.7
tutu 1320.0 549.1 6.2 1.9
twinkle 1457.5 1115.0 5.5 2.3
twister 1434.8 1119.9 6.6 1.3
tycoon 1928.2 1439.4 4.5 2.3
typhoon 2342.2 4675.7 6.1 1.6
typo 2061.9 1953.9 5.1 1.9
tyrant 1405.6 630.0 4.3 2.4
ugly 1402.5 1847.8 5.4 2.0
ulcer 1573.6 782.5 5.3 2.0
ultra 2055.6 1568.3 2.9 2.3
uncle 1080.5 371.0 6.4 1.4
uncouth 1649.2 1043.6 1.8 1.4
union 2286.9 2230.2 4.5 2.2
unique 2129.1 1247.4 3.6 2.0
unite 3045.7 4205.7 4.2 2.1
unless 1574.4 890.5 2.4 2.0
until 1684.5 2424.5 2.0 1.7
upon 1591.4 827.4 2.0 1.5
upset 2132.2 1773.6 4.3 2.1
urban 2029.1 1541.9 5.0 2.4
urgent 2264.4 1808.3 3.6 2.0
usher 1562.7 1172.1 6.2 1.7
utmost 1878.5 1630.7 2.0 1.4
utter 1739.2 2129.3 4.3 2.3
vacant 2323.4 4261.5 4.5 2.4
vacate 2257.5 2398.2 4.2 2.4
vaccine 1700.1 1161.1 6.1 1.6
vagrant 1863.8 2152.8 2.6 2.1
valet 2093.0 3404.7 5.1 2.2
valid 1764.3 1227.7 2.6 2.0
valley 1208.0 623.0 6.2 1.5
valor 1467.8 700.2 3.0 2.2
vamoose 2079.2 1664.1 2.4 1.9
vampire 1117.3 569.1 6.8 0.5
vanish 2094.6 2244.4 4.5 2.2
vanquish 3858.9 10828.0 3.3 2.3
vantage 2030.3 1541.2 3.2 1.9
vapor 2363.4 2773.6 5.3 1.9
varmint 1820.3 1076.8 4.7 2.3
vary 1846.9 2724.2 2.9 1.9
vassal 2563.3 3149.3 2.8 2.2
vector 1916.8 1254.6 3.3 2.3
vegan 1741.6 1252.4 5.2 2.1
velcro 1477.2 547.9 6.2 1.3
velvet 3443.0 11846.9 6.2 1.7
vendor 1587.0 1039.6 5.8 1.5
veneer 2148.2 1599.2 3.9 2.5
venom 1328.4 480.3 5.5 2.0
venture 2401.6 3329.2 3.1 2.1
venue 1846.0 1952.1 3.7 2.1
venus 1760.0 1432.5 5.7 1.8
verbal 1928.8 1435.1 4.1 2.5
verdict 2377.7 2134.2 4.2 2.1
vermin 1978.1 1956.5 4.9 2.4
vermouth 2246.2 1940.5 2.4 2.1
version 1853.5 1044.5 3.2 2.2
versus 2583.0 3746.3 3.7 2.5
very 1636.3 1377.6 1.9 1.7
vessel 1451.5 2675.5 5.9 1.9
veto 1554.4 1248.8 3.6 2.5
vibrant 2164.1 1848.4 5.0 2.1
vibrate 1817.4 1263.4 5.6 1.7
vicar 1751.3 1567.1 2.3 2.0
vicious 2213.7 2784.9 4.5 2.2
victim 1492.9 834.4 5.6 1.7
vigil 1898.6 1335.0 3.8 2.4
villa 1211.1 410.4 5.1 2.5
village 1838.5 1912.4 6.2 1.4
villain 1925.1 1823.8 5.7 1.9
vintage 1804.3 1289.4 4.5 2.4
vinyl 1577.7 1339.2 5.5 2.0
viper 1173.4 427.3 5.3 2.3
virgin 1537.4 1151.5 5.4 2.1
virile 1851.6 1436.7 2.1 1.5
virtue 1653.4 1043.9 2.7 1.8
virus 2118.0 2336.1 5.4 2.1
visa 1555.9 1230.2 5.9 1.9
vision 2045.2 1646.6 5.2 2.2
visor 1599.5 909.0 5.6 2.1
vital 2045.7 1512.2 3.9 2.4
vitro 1837.6 1560.4 2.4 2.1
vivid 2089.1 2733.1 4.5 2.1
vixen 1306.3 640.8 4.4 2.6
vodka 1263.3 937.0 6.7 1.1
voltage 1789.2 1372.9 5.3 2.0
volume 1925.0 1532.4 4.8 2.3
vomit 1182.7 532.7 6.2 1.8
voodoo 1488.3 857.5 5.3 2.1
vortex 2413.4 3516.2 4.5 2.4
voucher 1740.4 967.1 4.8 2.1
vowel 1668.6 637.9 5.5 2.1
voyage 1490.5 565.7 5.3 2.0
vulgar 1797.1 1527.0 3.9 2.4
vulture 1378.9 575.7 6.3 1.7
wacky 2487.9 1994.2 4.5 2.0
waffle 1375.1 903.1 6.7 1.2
wager 2075.9 1849.3 3.6 2.2
wagon 1243.5 778.2 6.3 1.6
waiter 1020.1 447.0 6.8 0.7
waitress 1262.9 728.2 6.7 1.1
waiver 1752.1 1024.7 3.7 2.2
wallet 1134.2 964.7 6.5 1.5
wallop 1879.9 1776.1 3.0 2.3
wallow 2058.2 1677.1 3.2 2.0
walnut 1166.5 1000.0 6.7 0.8
walrus 1207.1 625.2 6.6 1.6
wander 1772.4 1348.4 4.0 2.2
wanted 2352.1 1487.2 4.0 2.4
wanton 2075.1 1727.3 3.9 2.5
warden 1273.1 622.4 5.3 2.0
warlock 1766.9 1607.8 4.5 2.5
warrant 1884.2 1341.3 5.0 2.4
wary 1850.3 1379.2 2.9 2.2
water 1214.2 640.2 6.7 1.3
weapon 1030.5 322.1 6.5 0.9
weary 1897.3 1240.0 3.8 2.2
weasel 1115.8 462.0 6.1 1.8
weather 1623.9 1504.3 6.3 1.6
wedding 1237.8 668.0 6.5 1.0
wedgie 3117.4 8614.7 6.3 1.5
wedlock 1783.2 1079.6 3.7 2.4
weekend 1604.3 1140.0 4.9 2.3
weirdo 1445.2 800.0 5.3 2.0
welcome 2208.0 2066.6 4.4 2.4
welfare 1966.8 1713.7 4.1 2.3
whammy 2260.0 2709.0 3.2 2.2
whereas 1453.1 703.5 1.5 1.3
whether 1676.0 964.9 2.5 2.2
whimper 1653.7 1078.0 5.0 2.1
whiskey 1029.5 339.2 6.7 1.1
whisky 1236.3 983.0 6.1 1.8
whisper 2064.9 2557.6 5.3 1.9
whistle 1092.0 405.2 6.1 1.7
whoopee 2176.8 1475.9 3.9 2.4
whopper 1211.5 490.4 6.4 1.5
wicked 1806.1 1105.8 5.2 1.9
widow 1508.0 932.6 5.9 1.7
wiggle 1744.5 1121.4 5.2 2.0
wily 2466.9 4030.7 2.6 2.0
window 1128.1 519.4 6.8 0.7
winter 1164.0 504.4 6.5 1.5
wisdom 1719.3 949.7 3.9 2.1
withdraw 2104.1 2065.0 4.3 2.5
wither 1562.1 829.6 4.3 2.3
without 2329.1 1887.4 2.0 1.4
witness 2281.9 2294.7 5.5 1.7
wizard 1304.6 1205.4 6.5 1.0
wobble 1587.9 1103.2 4.5 2.4
woman 1221.6 648.9 6.3 1.4
wonder 2266.7 2274.7 3.7 2.1
wondrous 1812.8 1318.8 3.4 2.3
woozy 1532.7 811.7 4.2 2.2
worry 2346.5 2544.5 4.1 2.0
worship 1660.5 960.9 5.4 2.2
wrestle 1311.5 692.3 6.5 1.0
wrinkle 1140.9 548.9 6.6 0.9
yahoo 1593.8 980.3 5.1 2.2
yellow 1260.1 994.6 6.7 1.4
yodel 1693.4 1532.6 4.5 2.3
yoga 1142.9 675.8 6.5 1.0
yogurt 1375.8 997.2 6.4 1.5
yonder 2572.4 2664.5 3.4 2.0
yourself 1928.0 1527.7 5.5 2.1
yummy 1741.8 1027.8 4.6 2.3
yuppie 1940.3 1378.1 4.3 2.4
zebra 1100.6 842.3 6.6 1.2
zephyr 1963.0 1473.7 3.1 2.3
zero 1416.7 555.0 6.0 2.1
zipper 967.1 307.8 6.7 0.8
zombie 1181.0 543.4 6.7 0.7
